0 0
0 1
1 2
0 3
1 4
0 5
1 6
0 7
1 8
0 9
1 10
0 11
1 12
0 13
1 14
0 15
1 16
0 17
1 18
0 19
1 20
0 21
1 22
0 23
1 24
0 25
1 26
0 27
1 28
0 29
1 30
0 31
1 32
0 33
1 34
0 35
1 36
0 37
1 38
0 39
1 40
0 41
1 42
0 43
1 44
0 45
1 46
0 47
1 48
0 49
1 50
0 51
1 52
2 53
3 54
4 55
5 56
6 57
7 58
8 58
9 58
10 58
11 58
12 58
13 58
14 58
15 58
16 58
17 58
18 57
19 57
20 58
21 59
22 60
23 61
24 62
25 63
26 64
27 65
28 66
29 67
30 68
31 69
32 70
33 71
34 72
35 73
36 73
37 74
38 74
39 75
40 75
41 75
42 75
43 75
44 76
45 77
46 78
47 79
48 80
49 81
50 82
51 83
52 84
53 85
54 86
55 87
56 87
57 87
58 87
59 87
60 87
61 87
62 87
63 87
64 87
65 87
66 86
67 85
68 84
69 83
70 82
71 81
72 80
73 79
74 78
75 77
76 76
77 77
78 78
79 79
80 80
81 81
82 82
83 83
84 84
85 85
86 86
87 87
88 88
89 89
90 90
91 91
92 92
93 93
94 94
95 95
96 96
97 97
98 98
